4
440.0 392.0
396.0 461.0
323.0 409.0
369.0 348.0
9
362.0 343.0
315.0 403.0
251.0 359.0
299.0 303.0
3
482.0 326.0
445.0 385.0
374.0 341.0
414.0 288.0
14
292.0 298.0
243.0 354.0
185.0 314.0
235.0 263.0
8
407.0 283.0
367.0 336.0
305.0 298.0
346.0 249.0
2
518.0 270.0
487.0 320.0
419.0 282.0
454.0 236.0
19
229.0 259.0
178.0 309.0
125.0 273.0
177.0 226.0
13
340.0 244.0
298.0 293.0
241.0 257.0
285.0 213.0
7
446.0 232.0
412.0 278.0
352.0 244.0
389.0 201.0
24
170.0 223.0
118.0 268.0
71.0 235.0
123.0 193.0
1
551.0 221.0
522.0 265.0
458.0 231.0
489.0 190.0
18
278.0 209.0
235.0 253.0
183.0 222.0
227.0 181.0
12
382.0 198.0
345.0 239.0
290.0 208.0
328.0 170.0
29
117.0 189.0
64.0 231.0
21.0 202.0
73.0 162.0
6
482.0 187.0
451.0 227.0
393.0 197.0
425.0 160.0
23
221.0 177.0
177.0 217.0
128.0 188.0
174.0 151.0
0
579.0 177.0
554.0 216.0
492.0 186.0
520.0 150.0
17
322.0 166.0
284.0 204.0
233.0 176.0
272.0 141.0
11
419.0 156.0
386.0 193.0
333.0 166.0
367.0 132.0
5
513.0 147.0
486.0 182.0
430.0 156.0
458.0 123.0
28
169.0 148.0
122.0 184.0
79.0 158.0
127.0 124.0
22
267.0 138.0
227.0 173.0
180.0 147.0
221.0 114.0
16
361.0 128.0
327.0 162.0
277.0 137.0
313.0 105.0
10
452.0 119.0
423.0 152.0
371.0 128.0
402.0 96.0
33
120.0 120.0
75.0 154.0
34.0 130.0
81.0 98.0
27
215.0 111.0
175.0 143.0
131.0 120.0
173.0 89.0
21
307.0 102.0
272.0 133.0
226.0 110.0
262.0 81.0
15
396.0 92.0
365.0 125.0
317.0 101.0
349.0 72.0
32
168.0 87.0
127.0 116.0
87.0 95.0
127.0 67.0
26
257.0 78.0
221.0 107.0
178.0 86.0
215.0 59.0
20
344.0 70.0
312.0 98.0
267.0 77.0
299.0 52.0
31
211.0 56.0
173.0 83.0
134.0 63.0
171.0 38.0
25
295.0 49.0
262.0 74.0
220.0 55.0
254.0 31.0
30
249.0 29.0
216.0 52.0
176.0 35.0
211.0 12.0
