9
416.0 402.0
402.0 474.0
333.0 459.0
348.0 387.0
14
341.0 385.0
325.0 457.0
255.0 441.0
272.0 368.0
19
264.0 367.0
246.0 439.0
175.0 422.0
194.0 350.0
24
185.0 348.0
167.0 420.0
96.0 404.0
114.0 332.0
3
508.0 343.0
494.0 413.0
426.0 396.0
441.0 327.0
29
106.0 330.0
87.0 402.0
16.0 385.0
35.0 314.0
8
433.0 325.0
418.0 394.0
351.0 379.0
366.0 309.0
13
358.0 307.0
343.0 376.0
274.0 360.0
290.0 291.0
18
283.0 289.0
266.0 358.0
196.0 342.0
213.0 273.0
23
205.0 270.0
188.0 340.0
117.0 324.0
135.0 254.0
2
523.0 268.0
510.0 335.0
443.0 319.0
457.0 252.0
28
127.0 252.0
108.0 322.0
38.0 306.0
57.0 235.0
7
449.0 250.0
435.0 317.0
368.0 301.0
383.0 234.0
12
375.0 232.0
360.0 299.0
292.0 283.0
308.0 216.0
17
301.0 214.0
285.0 281.0
216.0 265.0
233.0 197.0
1
538.0 195.0
525.0 261.0
459.0 245.0
473.0 179.0
22
225.0 196.0
207.0 263.0
138.0 246.0
156.0 178.0
6
465.0 177.0
451.0 243.0
385.0 226.0
400.0 161.0
27
147.0 176.0
129.0 244.0
59.0 228.0
78.0 159.0
11
392.0 158.0
378.0 224.0
311.0 208.0
326.0 142.0
16
318.0 140.0
303.0 206.0
235.0 190.0
251.0 123.0
0
552.0 124.0
540.0 188.0
475.0 172.0
488.0 108.0
21
243.0 121.0
227.0 188.0
158.0 171.0
175.0 104.0
5
481.0 106.0
467.0 170.0
402.0 154.0
417.0 89.0
26
167.0 102.0
150.0 168.0
80.0 152.0
99.0 85.0
10
409.0 87.0
394.0 152.0
328.0 135.0
344.0 70.0
31
91.0 83.0
72.0 150.0
3.0 133.0
22.0 67.0
15
336.0 67.0
320.0 133.0
253.0 116.0
270.0 51.0
20
262.0 49.0
245.0 114.0
177.0 97.0
195.0 32.0
25
186.0 30.0
169.0 95.0
101.0 78.0
119.0 14.0
